0,9.56667,14,0
1,9.36667,15,0
2,7.9,17,5
3,9.6,17,2
4,10.3333,19,1
5,9.4,15,2
6,7.9,14,3
7,8.06667,14,3
8,8.9,17,5
9,7.76667,12,2
10,9.63333,14,0
11,7.93333,20,2
12,8.06667,16,3
13,8.16667,13,1
14,9.1,18,1
15,7.56667,13,2
16,6.6,16,3
17,8.06667,15,1
18,8.8,16,2
19,8.06667,18,2
20,6.63333,16,2
21,7.16667,16,1
22,8.06667,17,1
23,7.9,16,5
24,8.5,16,1
25,6.93333,13,5
26,7.53333,14,1
27,8.26667,14,0
28,7.66667,13,2
29,6.76667,16,0
30,7.93333,17,1
31,7.46667,17,5
32,5.86667,11,1
33,7.4,15,2
34,7.1,15,1
35,8.63333,16,3
36,8.06667,15,2
37,7.86667,17,4
38,6.73333,11,2
39,7.83333,17,2
40,8.6,18,1
41,7.2,16,0
42,6.6,15,4
43,7.1,16,5
44,7.86667,15,1
45,8.36667,16,0
46,6.83333,14,1
47,7.5,15,3
48,8.26667,17,1
49,7.1,19,1
50,7.5,14,3
51,6.13333,13,5
52,6.66667,13,2
53,7.4,15,2
54,7.26667,14,0
55,6.93333,13,0
56,7.13333,15,2
57,7.53333,16,1
58,7.46667,14,2
59,6.26667,18,4
60,7.16667,16,1
61,6.23333,14,5
62,7.83333,16,3
63,7.06667,14,2
64,6.56667,15,2
65,6.43333,15,1
66,7.96667,15,0
67,6.8,16,2
68,6.6,18,2
69,7.36667,13,1
70,6.9,16,3
71,6.66667,15,2
72,7.4,15,2
73,5.83333,13,0
74,7.13333,13,2
75,6.26667,16,3
76,7,13,3
77,6.93333,16,2
78,6.7,18,1
79,7.26667,17,1
80,5.23333,13,2
81,6.13333,14,2
82,6.06667,16,8
83,7.16667,15,1
84,6.06667,15,2
85,6.8,14,1
86,6.7,15,0
87,5.63333,12,4
88,6.83333,15,0
89,5.9,13,0
90,7.5,17,3
91,6.2,14,2
92,6.63333,14,1
93,7,17,0
94,6.3,13,3
95,6.1,13,1
96,6.33333,16,1
97,6.2,17,0
98,5.53333,14,2
99,6.1,15,3
100,6.36667,21,2
