0,4.36667,11,10
1,6.03333,13,7
2,4.13333,12,4
3,4.63333,11,5
4,5.1,9,5
5,4.46667,11,6
6,4.56667,11,8
7,5.66667,13,4
8,5.3,10,6
9,5.43333,11,6
10,3.6,10,5
11,6.23333,14,3
12,5.33333,10,5
13,5.4,10,1
14,4,9,5
15,5.2,11,5
16,4.8,10,6
17,5.26667,13,6
18,5.16667,11,7
19,4.2,9,4
20,5.26667,12,3
21,4.73333,11,7
22,4.86667,11,8
23,4.56667,10,9
24,5.66667,13,9
25,4.6,11,7
26,5.73333,12,4
27,4.06667,10,11
28,5.26667,17,8
29,4.73333,10,4
30,5.66667,11,4
31,4.1,8,7
32,5.06667,13,7
33,4.7,9,5
34,4.7,8,7
35,5.9,11,2
36,4.2,9,6
37,5.1,10,8
38,5.6,13,2
39,4.53333,11,6
40,5.43333,13,4
41,4.13333,10,4
42,3.6,9,6
43,4.3,10,6
44,4.83333,12,7
45,4.03333,10,6
46,3.8,11,9
47,5.33333,9,4
48,4.16667,10,3
49,5.16667,11,4
50,4.96667,10,5
51,4.43333,11,5
52,4.36667,11,4
53,5.36667,13,5
54,4.86667,13,2
55,5.23333,14,3
56,5.16667,10,4
57,4,10,10
58,5.26667,12,5
59,4.33333,10,2
60,4.1,10,6
61,5.6,14,4
62,5.76667,10,3
63,4.8,10,3
64,5.06667,10,3
65,4.06667,10,4
66,5.53333,9,4
67,5.03333,12,6
68,4.1,9,5
69,4.7,12,4
70,4.26667,12,6
71,4.13333,9,7
72,5.06667,11,2
73,4.16667,9,4
74,4.16667,14,4
75,3.66667,8,5
76,4.86667,10,6
77,4.7,11,2
78,4.33333,8,6
79,4.1,10,8
80,4.03333,10,2
81,4.2,10,4
82,4,10,4
83,3.33333,8,3
84,4.23333,11,4
85,3.83333,8,4
86,3.63333,10,7
87,4.9,10,2
88,3.96667,11,7
89,4.6,12,8
90,4.93333,14,3
91,4.8,13,3
92,5.66667,13,4
93,4.5,14,1
94,3.76667,7,6
95,5.13333,11,5
96,5.36667,11,5
97,4.8,12,4
98,4.33333,11,7
99,4.13333,13,7
100,4.5,11,7
