0,3.13333,8,11
1,2.3,7,10
2,2.9,9,16
3,3.23333,10,14
4,3.8,9,11
5,3.73333,10,8
6,3.3,8,12
7,2.66667,7,12
8,3.06667,9,9
9,2.86667,6,6
10,2.3,6,13
11,2.4,6,9
12,3.06667,9,16
13,2.66667,7,10
14,2.9,8,10
15,2.7,10,11
16,3.63333,9,8
17,2.3,7,12
18,3.06667,7,11
19,3.46667,8,12
20,2.63333,10,14
21,2.86667,7,13
22,3.26667,9,12
23,2.8,8,14
24,3.2,7,11
25,3.26667,8,12
26,2.4,6,8
27,3.73333,8,12
28,3.3,7,8
29,3.23333,9,13
30,3.3,8,12
31,3.53333,12,10
32,2.8,8,11
33,2.9,9,11
34,2.93333,8,9
35,3.6,8,8
36,2.63333,8,13
37,3,6,9
38,3.76667,12,13
39,3.23333,8,11
40,3.16667,7,9
41,2.43333,7,8
42,2.56667,8,15
43,3.26667,9,9
44,4.06667,10,6
45,2.86667,8,8
46,1.73333,6,13
47,3.3,9,14
48,2.63333,8,13
49,3.46667,8,9
50,1.86667,6,10
51,3.3,7,11
52,2.86667,7,11
53,3.13333,8,11
54,2.6,7,11
55,2.9,8,10
56,3.43333,7,10
57,2.86667,9,13
58,2.16667,10,14
59,2.56667,8,11
60,2.6,7,8
61,3.76667,9,11
62,3.26667,7,10
63,2.9,7,12
64,3.26667,8,10
65,2.3,10,11
66,2.7,8,13
67,2.93333,9,9
68,2.8,8,15
69,3.36667,8,14
70,2.5,8,13
71,3.06667,9,6
72,2.63333,7,11
73,3.93333,9,11
74,2.83333,7,10
75,3.53333,8,11
76,2.53333,7,18
77,2.76667,9,14
78,3.03333,8,11
79,2.7,7,11
80,2.76667,9,9
81,3.5,11,11
82,3.36667,7,9
83,2.9,8,11
84,2.66667,8,7
85,2.8,8,8
86,2.6,7,11
87,2.76667,9,12
88,2.36667,9,12
89,3.13333,9,13
90,3.7,10,9
91,3.76667,8,13
92,3.33333,8,12
93,2.3,7,12
94,2.83333,6,9
95,3.43333,10,12
96,2.73333,7,15
97,2.66667,6,13
98,3.26667,8,11
99,2.06667,6,10
100,3.6,9,10